start
frontView
lcsX= 79 48700
lcsY= 166 16000
-30 000
0 000
-7 500
0 000
-7 500
0 000
7 500
0 000
-30 000
30 000
-7 500
30 000
7 500
0 000
30 000
0 000
7 500
30 000
30 000
30 000
-7 500
30 000
7 500
30 000
-7 500
0 000
-7 500
30 000
7 500
0 000
7 500
30 000
30 000
0 000
30 000
30 000
-30 000
0 000
-30 000
30 000
30 000
30 000
30 000
80 000
-15 000
30 000
-15 000
80 000
-30 000
80 000
-15 000
80 000
15 000
80 000
30 000
80 000
-15 000
80 000
15 000
80 000
15 000
30 000
15 000
80 000
-30 000
30 000
-30 000
80 000
profileView
lcsX= 144 49000
lcsY= 166 16000
-20 000
0 000
20 000
0 000
7 000
30 000
20 000
30 000
10 000
30 000
20 000
30 000
10 000
0 000
10 000
30 000
-20 000
0 000
-20 000
80 000
20 000
0 000
20 000
30 000
10 000
0 000
20 000
0 000
-7 000
30 000
-7 000
80 000
-7 000
80 000
7 000
80 000
-20 000
80 000
7 000
80 000
7 000
30 000
-7 000
30 000
7 000
30 000
7 000
80 000
7 000
30 000
7 000
80 000
topView
lcsX= 79 48700
lcsY= 131 16000
-7 500
-20 000
-7 500
-10 000
30 000
-20 000
30 000
-7 000
-30 000
-7 000
-30 000
-20 000
7 500
-10 000
7 500
-20 000
-30 000
-20 000
-7 500
-20 000
7 500
-20 000
30 000
-20 000
-7 500
-10 000
7 500
-10 000
15 000
7 000
15 000
-7 000
-30 000
20 000
-30 000
-7 000
-15 000
-7 000
-15 000
7 000
-30 000
-7 000
-15 000
-7 000
15 000
-7 000
30 000
-7 000
30 000
-7 000
30 000
20 000
-15 000
7 000
15 000
7 000
30 000
20 000
-30 000
20 000
3D points
3D edges
3d 28
Algorithm (sec)
0.890
Read plot (sec)
0.875
3D points (sec)
0.15
Get wires (sec)
0.0
