start
frontView x3 z3
67,500
7,500
45,000
7,500
30,000
7,500
67,500
37,500
45,000
37,500
7,500
7,500
30,000
37,500
7,500
37,500
7,500
87,500
52,500
37,500
52,500
87,500
67,500
87,500
22,500
87,500
22,500
37,500
topView x3 y3
45,000
47,500
45,000
37,500
7,500
47,500
7,500
34,500
67,500
34,500
67,500
47,500
30,000
37,500
30,000
47,500
22,500
20,500
22,500
34,500
67,500
7,500
52,500
34,500
52,500
20,500
7,500
7,500
profileView y3 z3
7,500
7,500
47,500
7,500
34,500
37,500
47,500
37,500
37,500
37,500
37,500
7,500
7,500
87,500
20,500
37,500
20,500
87,500
34,500
87,500
3D points
3D edges
3d 28
Algorithm (sec)
0.797
Read plot (sec)
0.640
3D points (sec)
0.157
Get wires (sec)
0.0
