start
frontView
lcsX= 79,48700
lcsY= 166,16000
profileView
lcsX= 144,49000
lcsY= 166,16000
topView
lcsX= 79,48700
lcsY= 131,16000
3D points
67,500
47,500
7,500
67,500
7,500
7,500
45,000
47,500
7,500
45,000
37,500
7,500
30,000
37,500
7,500
30,000
47,500
7,500
67,500
34,500
37,500
67,500
47,500
37,500
45,000
47,500
37,500
45,000
37,500
37,500
7,500
47,500
7,500
7,500
7,500
7,500
30,000
37,500
37,500
30,000
47,500
37,500
7,500
47,500
37,500
7,500
34,500
37,500
7,500
34,500
87,500
7,500
7,500
87,500
52,500
34,500
37,500
52,500
20,500
37,500
52,500
34,500
87,500
52,500
20,500
87,500
67,500
34,500
87,500
67,500
7,500
87,500
22,500
20,500
87,500
22,500
34,500
87,500
22,500
20,500
37,500
22,500
34,500
37,500
3D edges
3d 28
Algorithm (sec)
0.625
Read plot (sec)
0.437
3D points (sec)
0.188
Get wires (sec)
0.0
